$ANSIBLE_VAULT;1.1;AES256
39636665313232616336373830663230663232623230356132636530393561333862353261376430
6132666163316261363164623064303639613265356631390a373738363837393234636139343132
39626435373162333137393133393965656634376230383136663238656638356165663965353839
6436343032313064340a383136373533383138333137393866363031366138373139313137663433
31323462323562393862663565393030326138376436383332653966383537343164336366353639
37363333306537306230643430623464346136373936313534656339646637643131383333666235
31333532626633316562383432383632336235383066323836666533666132343531646361306231
33666462343531636162353266396338376538643735303165343137356162326365393134353133
33613639386464616466356330316639346131343161663637623133333131343066663433643033
35313066636565376532616561343436343530633637633330346536316435383164393161623464
65623531363534353864663231396665396635333863613633306531393930646539623931326230
33363939613834663639653565663138343039313035623738393962313235636231366463313736
63653062643337303462623434353834306463346330376239333662323937643139623264646334
38376163356130663232643332323939376535323465386462656537383638653331346335616563
66646130306261623132633331336336323932383865646466326165376632633730336338333665
35333835643966356530663734393766326633376630346236643430333337393730616163373139
62356237373265396131326433323031386565386132616363333237303834306166316332333733
64353534663963396165633433363032656332333137663566316334303861353662656631366536
39326361653930613063326261666330376239386633343062653762383630373034663931633863
63643631623136373131623563386361343662613833646331303863663639313464343934666638
30636637376234363537383634353333303733303935353864363535353932396232626261636139
63613831623064386465623564356663343431356532323530623633393066623132653039663632
62383734626461323763393536333336356639313032306131313061336565366337643266313639
65663463356465316639613235343838613266306331313466313638623639653261383836653133
31393164636239646539623333626235333638633932613930346536656264396131366335643238
65663166333337316462663238336637306430643936633561313936363631346461663666343664
34656537626261626566663765363832326539626435643535663632643936326632333136313236
37663233386463363432396262326532313663613264396234306465653465633630333430353763
66353939323036626435643839343965346532383836373631303963353937633130303036613336
38363034303430633261363137633433323531306338366434386464306232346562306165333437
36643139303937623862613961373439613136373739366237373135333334633965353131313264
66363061396331353334383263343838333932336337366233383939386663306333326638633264
63303265643365366637306130303733363961663933373833353239396464306232316434343562
33383138653837373439343636343633316462616631373031656337333037373037613037663239
34313132623137303163313262393638353761306661336635353063353631363939316438326164
61613938646238363238636639666237373439313962613632353539343439616133653731396138
63343537373265386566333730646632646666393061653161393533396564653939353164313434
35313332666636313837633633393937343362653761333736646234333435396265656336356330
66396636653337636231323633626433313837303762653436393137666238333631366464366432
30626635643336393534346134373937316139306234396537393033393837613534383035626366
35653937616630303431613361633235636362323931313035383038346164356661613261646539
39643539323037666636343366323163326365656437356665373465396233363935663162343634
39383262626238373265303437613235396165346531663534663837316532393636356537356561
38343665313637663237363631653934656236306166643466666139323732376135356535323230
39643765616465323865346261666430643232313031356138353263336633373262313739326137
33353635373131343332383033393736616536316137346538383338376432633535313934623562
62653638646634353238663938396335326166363638613565346132656338623464336530363230
32326565633737326165613830613731616532373932346530353533396438616666373933326535
33623164623665306237336538343061626363636637386634653963663332326261363236646435
32343561623530393038643337633761346332666432646466636532326539643133323264336164
37326266313731636635363934323335343461396665333066313637636333326530353231333034
35303839336465383037636233653863353361386665313962383831323830633262363233326436
39653635666134386337323565333162303735613463656630383433316431663563343331343063
35646264613866396362663932386538633266613764343531313264653464353330393632323162
36653336383666386133333236333538636131353633663432633439363766353565373463613034
39656632396430393631326663336233313566303861323837313031613038663838306663363661
35343435343663393235626265346137323936376136656565636332373864656332336463623732
66326135323365366266363066636432323065316536616465323931666431306532623836306264
30366239343965356562656437613365356235393466666337643266353665383132393837333862
63356366306539383263643661323534636137363265663437373837333930356539646339306531
65306462396538316538313538626537326662383039323936303536333566663064616366363730
39323133656661383861343239613835376136626465303463376337623239313837366436623035
65623230323064366262356639616464366434636236616261393534663436373334343032623133
66386136643231383130653830383133646336313561303664346638363131323764313365626361
66636363616138323663393839656432396662373339653837626261633932376237336364643466
31633233353461626335643231316663366266326137613134323234633534616533393631343839
66643238636534383531613037323461343133343462633864366531376565346464633034313761
37616433323530626661646262636333306137323261643166356563373136636262613733303931
63653139333935376134666532343738306161616434363130313666346230643462336632666230
37373561386437636238376663633735393962626134363961323833636564313061313539303539
65643234333965653433336331326134313830383531323135613034653233636662653134623137
39633061613538646266666636396630333664636534353262626334326564346365356138613839
36383430376538376436346634626161396535376135383961373864326139333864623261336539
64303663633237316565633563363834373131376434306137613061326338653534336238343932
66363635643331633263393461363863353563353630653336346266356638353338353734363265
62646534363466386533636239346466623964626638363032313032636538666533386634313462
38303731633837313232666333646439373766386261346466393161346333633937376634373436
37306161336130643731636532396236643931326634316238373032616439313662346636383431
38636466363464316665333462633231646338396336353738626364303437656463376563376136
61313638653333343539643063326439313065626235383031633265353965356331373361316461
37396337656162346232303637373965646531373037656138386430623964303461353536323936
38643966356361353536373730356535623663316235616539356630343631356665323236616264
37626232396330326139333137363362666539353734616262323335343465303939643666656236
30373634346461616239363038653234363138326236316166653832366566343635646361386533
30346361373039313232363833663331643238313765663966656332303138303962393939346537
36376331316162666264306234366232346662336130386437653361626462313330323963303136
65616236366638626664326230393366616264346338646266333334653137353264656238356663
61336431613765323165326232333937306234333238666537343330633662613432653665353133
61636435333934623231373561626565626630303737363663366263326361306234363064313733
65643534653962376631626539346665613837316130393736383930323334306462353362353836
36633139383538373139623833393566613364333539663334366561396431643732633130613633
34653930333130323764366130363739633763636234346466343566343334646261623239623135
32323130363632356362353962633138313164326338323736653630636233373763623230633338
64393239613134343566666332333131386330643862336464306466393065346134366538316430
65656565366261623763626337313738313232383832666539633332656361636638393162616165
66333238333633343034306665396231356335393334363233626536636238356165373733386532
30336164343834666333393335383665303530376234656665643662346534343230653030373334
38313061643936363539373361663661333365356137613361396163623533623037323937663961
36323033616235666665666336383163356131313136393462623834366365333036646636623837
33613137313736313934663161623666656565656265396439326665633636383262346235643637
33366232383734336462393036663338343835636634326632653163313232663235626432646639
32356233323964663565353836366566623835363062626566623230303565366330643434343466
35353338613465333665353132393130636661353333373965386264633935313531353964393637
33656163343334333531613164613231396437393364326334366132353936383035336365633339
33666161386461666463656531666634326566646161363734613330663230303939386531313438
62653464363366623332376633393332353437653938366463653031363036626336656438663439
30313432623535633232333238613961623639643733616536643464353535336263333334366233
30303763633031306233376530633336336664666563376432333932373965333165336230393538
32646237643534313466366362356234393030666166393634316262613837363138633034646461
37343438376136373735323439643731386263646134393034663038393233633739616362393232
39303733303635613136653035386236363166333065613263386461633966653062353530336331
62386431623162623363386262646162613062346639623331393365333761623736643238386531
64653130313034623434343865313638643339383132373538613835323734393637303434366364
35306530656264396636643638646136396533323933306265303533633364386336346530323066
64303537653131373137363738356332336532323335313465613061613961353239396464363864
62626235383066363035333336613364646333623065376464323161386435326163393131326133
63326630356238333337623263363432333631623966376361303531643038356131613661326362
31346266356137366434326661316439343836393530393439323839383737646666333231363963
30626635396661613866383563316630333462386162346536386664616263363038643666343738
62633939326565643162373032643066663233303131343437326362326162666566623730396133
34346533383233353734366639643562316238326539663638343364323630376162323865616337
63336538383734393632356637363735613565313738663362623961376662613531343636613033
33316663623664346430333339316232376435343033653539656464626531333762363666316636
38383164633763386261366265363738313563373561313737383636356661366663326136346664
33633430383135353065396337636332616464376131313935336231623861646132653638363862
61366461383336613639636230353334306562363533633035393965353734613936336139333733
31396664633831613435316637346561656132323538396661373532616232363734356239383637
64313737353033663734373561323932353536333031626331376332643638366135333737636335
37346561616638626465333461653337656539643762383331373934656161353537383265626562
64383232656263343733303363613335373331656636313836633361313230323833373330363231
64666438623161363534386632356330336334653836326463356332383663376461633665623237
32623365316261383633316266363334633637636265383133646230303039663463393434373661
62613832323231393062633036386334653136393863616362346236346330363261666238333031
64386239636436636666316464646564396635616138363733353265326131376665353361386564
61613239653231333463656632633664393731323566666433656261633137623065636336373839
63653635653466666430333439323433323361343837636563356336623038356437633632623437
36646437653433323935393537323435636636613337346263633136396231326539636131616562
35353834396536326665636166643735383063343838323863363263383334636265636132303665
37376637393735376537363434346562336563646539343432643163663733343231333664323838
66323864313836623537633665373032663666343933396533313661653963383566366133353062
34616439363261363835366166646666633665303539663566653064643666333863623563616539
36356534306362333635623939393937323637306266383731613434633438393562643935646666
66303634623161653763666664316635383563613761613362306536316337353163383335303336
38623865323130616664643534306338613064373865326631613961396633343637613733313039
64313665623438373765383537326536626561336331656466346233336262666139396334633838
35326133333264333662646530646163373439346361333266303634303664343533616335616363
39323462376563353934646535376364343861303937653166656461356337383637616132303030
64616634653639363033623261373831623839663831616664343037393134653366323639336263
62303165666530336439386638623732363161343439366130626439386539356232636432346630
61356237303538316265353938623938663563383839313631383430653664653764646230383239
65376632306134633832386166623736323462376334366333366464373463653566633861323836
31343239626630396161636365373436633336333938333332623330306633313930306465613937
66333663636139653762303339323836353863643134386139616132373962356539616366666636
63303164333034363962653631393133346661303965613666623432303531333866333237386133
30646638323761626262376464663566383731383234393037323332393530303132396532353461
34343733643736653465396334333939383538306233373761363438633864353232383161633930
31623430373330633935626232633962656436623761333334383331323862643964353639626332
31643136623232393363666530636664653234396532356461306338643761393661303531326435
63663731306361323632303436376433613633653864333164363538663862653531383532306135
63663031386138373138633539653863653935343464323766653261643963396333323763653565
63316138633039316463616564343930616136376266306131633163616265636532643237303666
39633465666136646666303233306137363866393363303036333231636665326439646636383961
30646363383933343862396230343566336366393263666363646535383237356166363033396637
30363236316233643765653434313665613931306437346132333131366334316435356330323261
32336661653263393062303837383735346234313065336263613837613965616236356366353537
35643138343666393231306636613065363531613665613261303630363161656365646335343535
34333939626331333131623664393732303233363162326262386335323235306632396162386331
64653532353263373365346563396538353736343430646263393232393465623830626639613333
61386465333035636262303337643330373465313832653839353232353432613061363135656263
66666435373462613335663837346663626566656137636636633163303832646231383261316330
32363436343161303537373365626230306439656363613363303534383830376633363233376233
36303331656665306630663665653738363533396438626536313762383733343562353331323732
36613036663130356337643139646438373737633939313432383734383838653331
