$ANSIBLE_VAULT;1.1;AES256
33323862303664343433393666646666626263383930303134383566376631343136333966633037
3161376164663133636336646266353439303961643738650a663432353466396439616332326539
32346465653432386233646235306438313365616634363733336438346338346165653836343963
3766303164306431300a616565623730363761353238356166636130373333623864633439623765
30303865623131653432323238326635656137623962616631326635656633326239323666303338
36666164373536313131346163376334316639383064303430303165343131623234313163373839
31323663333863613538336466383935613939376461343061373232353834303932313432666661
30366533313966353536653632383937663164636665666162633930323565323964363833366432
34313731616663356239626165626630653039623563643161303039383634333238393034666162
64633437356336386331653733616562363062363035343535663437646237316634336563353761
37616362386333643035663930333232623662333333663961313037363461656333326539353266
64636364623530663434356135393630313165373861613633343366313465376539373130303034
64346564366566393939396161613365336363356232623337333236653336356536613537373664
65326537386666353964316633323862623565346632303432303864366139303235373137393563
35353232326662346436623639343065336230396132383666653162656138663936663335353034
33356136393436313534
