$ANSIBLE_VAULT;1.1;AES256
30623864613361386164636638386163653233363031633039393465353631363961396262633332
3039363830376364346161356363613662323363396465650a373336376136613263613037656539
64316230363864663562333664393336396532653034636239383732313739306164653434313535
6139396464353237610a643361643362613238636130383332613562633163346534386433373338
61303439373730646164336363313966613463303066653562613531613330386565643837303339
62343433393736613664316135313139386332636564313439353863653865663336623335653336
39366665353266633738343533373239663834643738313432653431636538613530653332386663
38353531373938633330343264383435356334386239333837303934383834623239656539303465
30346661373265616561663331353361316562386163623930333532316336636330393762323031
32376238393333396535333465383362626364373730666563653566623534666133663531373533
62616135323036346139653537366265656338623838303662383933343837363436323631333561
37633430663833343033
