$ANSIBLE_VAULT;1.1;AES256
31353236313865343463636561336432383539323961346663393664633632626464323333613438
3261643135303064366137316334643438613339616430320a383833623362353337653664633339
36646632643433313264346533346662613034346535663765653032366139646534393032643635
6663643330633931310a316265313963346530666538303334366264383436326235646365353237
36363162643264353133623862306563643539623162363161646166356333643066336431633438
63663238326431393835313063303336333639666561343935323231656136376130346238393530
38343231343837316438313966306132316666646430393933393738626264663434326364343135
36633337333062393236376435343034666336303863386366376163326335343462643835656334
31383138343832393639616534323861323030323130653233303939353364396463656639333061
36663638383836326566353866313263353538393236623433363230623765383431336334613664
33303263386462373362306333343861626139396464646332636132623961613664663435616137
38346630343239333165336666323431363538333261663030393939376462333030656333656166
39623562633964323365643261333566343136383831313861666334613935626165613563373366
36343931363034303638373032323861393261383337623337613938616664343532333236393439
34643231353464326464323838343763663331666566393333633633653636613163623832393434
64353964653064313863666230626235306263643238656232373632633039636137663262623130
30653533303134646236623061383430383464653234616134303739663266396131313463636138
35633233616234326562633264633335373365363433343831333738333263353162643665383732
32336432633266383965383065613834653438363164373962346238336630333561653939363835
66353731353232346463336265366265646162363335363930303532383636393866333661316530
35313535303339616433663061333132316232353062326464653639376264363764343461663734
33353938383332653932396163306237373634316137636432323364386536316332343931653166
35373137393338653366663434653632356466323963656164633661643035616561373537646131
39636661623133333464333930613466383134306632373039316131373837653736613966383262
64336361376334306332303230356139383362643335353736643531373233643939383333633539
31323164323063326536326136366131643263343431323236613333363135313631373766663163
30653232663231646563303534363535383832666561363332346663613939343931343439626438
33656433386231373837323934306339373434636633656237376137353165623434663939626334
37306135613662386262323139326665373333366436653262623336623633343764646265636434
62376263356264343263383135343030346665653635663832306438373837643335663464306162
36313266633364633635666638376430303333363364323132383862653535313639376366373030
36613335336662346332366231656165646664306437633136646338353737303632383039363630
31316236363462363931663035313332333139363537306264343366316233306133663836313636
61363262626535363966643065343031663266353532303435623338313032666638356261653662
36386230663536636365343337643333653463343163386437356239323966636538316362313331
34656566616537623437313932343430356365643865633931376539363937656663316132653135
32653637313663663065313737383438623863373034353264346361656364313638313130653939
3463336462323436356331366361646461303966346263386533
